-3.5 9.49 6.29
-3 8.49 5.79
-3 6.49 5.79
0 2.44 5.79
9.14 0 5.79
10.89 -2 4.44
11.62 -2 4.44
13.37 0 5.79
13.37 3.05 5.79
9.11 7.32 5.79
9.18 18.9 5.79
8.57 20.12 5.79
9.19 18.9 5.79
9.12 7.32 5.79
11.58 6.1 5.79
12.528 4.77 3.79
12.768 4.77 3.79
13.715 6.1 5.79
14.663 4.77 3.79
14.903 4.77 3.79
15.85 6.1 5.79
15.85 23.77 5.79
12.19 23.77 5.79
12.12 9.75 5.79
12.12 23.16 5.79
10.97 23.77 5.79
6.1 23.77 5.79
3.05 22.55 5.79
3.05 7.92 5.79
3.66 7.01 5.79
0 5.49 5.79
-1 6.49 5.79
-1 8.49 5.79
-0.5 9.49 6.29
-3.5 9.49 -0.5
-3 8.49 0
-3 6.49 0
0 2.44 0
9.14 0 0
10.89 -2 1.35
11.62 -2 1.35
13.37 0 0
13.37 3.05 0
9.11 7.32 0
9.18 18.9 0
8.57 20.12 0
9.19 18.9 0
9.12 7.32 0
11.58 6.1 0
12.528 4.77 2
12.768 4.77 2
13.715 6.1 0
14.663 4.77 2
14.903 4.77 2
15.85 6.1 0
15.85 23.77 0
12.19 23.77 0
12.12 9.75 0
12.12 23.16 0
10.97 23.77 0
6.1 23.77 0
3.05 22.55 0
3.05 7.92 0
3.66 7.01 0
0 5.49 0
-1 6.49 0
-1 8.49 0
-0.5 9.49 -0.5
12.1201 23.16 5.79
12.1201 23.16 0
-2 9.49 2.895
-0.5 9.49 2.895
-2 9.49 0.86613
9.18 18.9 2.895
9.14281 12.7481 2.895
-2 9.49 4.92387
-2.001944 7.740723 1.955688
-2 9.49 6.29
15.85 14.935 2.895
-3 7.49 2.895
-1 7.49 2.895
-1.5 4.465 2.895
-1 8.49 2.895
9.88099 2.81185 3.682414
9.60903 0.307493 3.02644
9.125 3.66 0
11.24 5.185 2.895
12.12 16.455 2.895
14.7825 14.935 0
15.85 14.935 5.79
12.9525 14.935 0
14.798953 8.586728 2.765125
9.155 13.11 2.895
11.164928 20.236315 3.11973
9.155 13.11 0
3.05 15.235 0
9.17687 16.7287 2.895
3.05 15.235 5.79
5.47789 15.8463 4.3425
5.341916 17.822609 1.115704
9.145 13.11 0
9.145 13.11 5.79
6.1 23.77 2.895
9.262221 22.964746 2.779418
8.88 19.51 2.895
12.12 16.455 5.79
12.12 16.455 0
12.12 12.4775 2.895
12.12 13.1025 0
12.66103 7.894226 4.084394
-3.5 9.49 2.895
-0.5 9.49 4.5925
-3 6.49 2.895
-1 7.49 1.27479
-2 9.49 -0.5
-2.595516 8.183244 2.182751
-1.93517 8.17797 0.868175
-3.5 9.49 4.5925
-1.5 4.465 5.79
-1.5 4.465 0
0 2.44 2.895
-1 6.49 2.895
2.878252 3.959385 2.981387
-0.75 8.99 1.4475
-1.663477 8.048397 3.961509
-1.917433 7.64762 5.042933
-2 7.49 5.79
15.85 10.5175 4.3425
12.12 16.455 2.895
-3 8.49 2.895
-2.75 9.49 3.74375
-1.736008 5.917345 1.130652
-3.5 9.49 1.1975
-1 7.99 4.3425
11.24679 0.56976 1.339656
9.125 3.66 5.79
11.255 1.525 5.39062
13.37 0 2.895
11.255 1.525 5.79
11.559783 0.055469 3.814941
4.57 1.22 5.79
5.699675 1.746347 1.831483
1.83 6.25 2.895
9.14 0 2.895
11.243521 -1.290199 2.904757
12.017532 -0.095117 2.324147
6.371945 5.649859 3.080135
12.358394 2.511425 3.077624
11.24 5.185 0
3.05 18.8925 2.895
15.85 14.935 0
15.85 7.59729 2.895
15.85 6.1 2.895
14.903 4.77 2.895
14.702242 6.04596 3.615711
10.033276 9.65975 3.16548
12.12 20.4325 2.895
10.314459 21.645535 1.032998
11.8219 19.1502 0.539695
10.522125 21.463862 4.864659
11.60894 22.72389 3.288865
4.73477 18.8925 5.79
4.9159 8.51132 2.895
9.155 13.11 5.79
8.57 20.12 2.895
5.353868 11.81114 5.205847
6.93988 16.0012 5.79
7.01788 13.6547 4.2534
3.05 11.5775 2.895
5.95109 14.6618 1.3517
5.81 17.6775 0
5.955 20.7238 0
3.05 15.235 2.895
9.39547 23.77 2.895
5.574531 20.540956 3.456483
9.556723 20.991786 3.250115
8.18044 22.5171 5.05718
10.92317 22.974114 2.008427
12.12 14.4663 4.3425
11.584906 18.970708 4.922468
9.1375 10.215 5.79
10.4242 17.4009 4.64698
12.12 19.8075 0
10.4681 17.4536 1.18272
11.129969 14.440488 2.135315
12.6475 6.22402 4.54662
10.35 6.71 2.895
12.9175 7.925 5.79
10.438362 8.271684 1.275279
-2.513324 8.590785 4.722778
-3 7.49 4.51521
-3 7.99 1.4475
-1.758891 6.090162 4.343441
-2 7.49 0
-3 6.49 1.4475
-2.00255 5.14345 1.4475
4.57 1.22 0
0.483228 3.84911 1.37836
7.17855 1.82199 0
8.814731 5.477306 3.920741
6.3925 5.335 0
0 5.49 2.895
-0.5 9.49 1.1975
-1.490989 9.060942 3.96817
-1.88947 6.726195 3.738229
-1.475505 6.881498 4.74065
-1.61596 8.45768 4.87622
15.85 10.5175 5.79
15.85 10.5175 0
15.081367 12.859819 1.346074
12.12 16.455 0
12.12 16.455 5.79
-1.25 9.49 3.74375
-2.25 5.4775 0
-2.50128 5.81672 0.904688
-0.5 5.99 1.4475
-1 7.49 5.32532
11.255 1.525 0
12.980829 1.500442 1.294646
11.255 0 0
11.24 5.185 5.79
7.46904 1.853836 4.441088
9.68955 1.1565 4.40481
11.185044 1.571573 2.433937
11.255 0 5.79
12.7534 -0.704673 1.4475
13.37 3.05 2.895
12.7534 -0.704673 4.3425
10.417289 0.71603 3.54408
10.3107 -1.33799 2.895
2.84157 3.91486 5.79
2.285 1.83 4.3425
5.99904 0.838506 2.895
6.855 0.61 5.17297
5.157648 3.798525 4.072375
2.285 1.83 1.4475
0.942701 3.965 4.3425
4.24161 5.88379 2.19765
-0.75 3.4525 4.3425
9.75659 -0.704673 4.3425
6.855 0.61 0.617026
10.963348 -0.996517 3.916905
12.1867 -1.35234 2.84625
12.495 -1 0.675
3.636267 5.437044 4.318674
3.05 7.92 2.895
8.080999 8.203975 2.726526
8.629108 5.463851 1.456074
7.712662 3.025739 2.14135
10.619796 3.39335 1.493824
12.305 4.1175 4.3425
12.305 4.1175 1.4475
12.526696 0.825201 2.716935
13.37 1.525 4.3425
12.305 4.1175 2.895
3.05 18.8925 0
5.088813 18.202218 3.373075
14.63831 7.857261 5.06759
14.5618 6.84864 1.61024
15.85 6.84864 4.3425
14.7825 8.30875 0
14.783 5.85759 2.4475
9.12875 8.7675 2.895
11.58 6.1 2.895
14.7825 5.7896 4.83551
13.715 6.1 2.895
14.20645 6.838249 4.860517
11.331848 7.140432 4.418408
10.4605 8.90321 4.93622
9.1375 10.215 0
9.14187 10.9388 3.61872
12.12 19.8075 5.79
11.545 23.465 2.895
10.4784 21.4792 0
12.12 21.7962 1.4475
8.204789 22.523517 1.041526
11.084436 20.154773 0.767761
11.648307 20.308043 1.406816
11.7767 21.1123 0.297273
11.216477 21.048646 2.083747
10.4784 21.4792 5.79
9.88493 19.8354 4.38432
8.860322 21.387479 5.28526
12.12 23.16 2.895
10.3967 23.0877 4.30627
11.5101 22.2762 2.3527
11.424756 21.256851 4.518007
10.97 23.77 2.895
7.585798 17.916116 4.584397
3.05 18.8925 5.79
9.12174 9.2621 2.895
6.0975 10.515 0
5.19276 11.5775 5.79
6.491223 8.727369 5.103101
6.908611 11.059026 2.793191
3.05 11.5775 5.79
6.70635 13.5366 5.79
3.590248 9.773977 4.405721
4.536 13.6492 5.79
9.1625 16.005 4.3425
6.690284 16.6705 2.486943
6.37593 14.8113 5.0166
7.375799 15.914298 4.145568
3.91697 11.3933 4.3425
4.825685 13.15029 3.343611
3.05 11.5775 0
6.0975 14.1725 0
5.097067 22.32095 1.384639
8.2892 22.6246 0
4.593212 16.143158 1.29092
6.896294 21.374594 1.899929
4.575 23.16 1.4475
6.126795 22.324763 4.229679
10.7918 22.0049 3.44244
7.694938 20.779457 4.312826
8.88 19.51 4.42336
8.2892 22.6246 5.79
8.535 23.77 5.79
7.74774 23.77 3.98062
6.11597 21.1357 5.79
9.437541 22.972174 0.804006
10.812355 22.724998 0.785999
12.12 13.1025 5.79
11.0336 18.1312 5.79
12.12 18.1312 4.3425
12.12 18.1312 5.79
11.248022 10.800717 4.054853
9.1725 16.005 5.79
9.6673 17.4496 5.79
12.12 18.1312 1.4475
11.0336 18.1312 -0
9.7885 22.8254 0
9.644379 19.473152 2.134927
9.1725 16.005 0
9.990452 15.023737 3.855417
10.761971 15.7864 0.784705
12.6475 5.56471 4.98506
12.648 5.55726 2.895
11.246315 6.863129 1.688008
10.35 6.71 4.66806
11.0139 8.0487 0
9.12875 8.7675 1.08561
11.073812 8.378257 3.417772
-3 8.49 4.3425
-2.25 5.4775 4.3425
-1.951206 6.096474 3.248233
-1.872045 5.84445 5.234118
-0.994303 5.155257 4.651775
-2.136926 6.276016 0.551404
-2.50128 5.81672 2.17125
-0.564159 4.116734 1.484937
1.152116 4.633182 2.77158
-0.182425 4.225422 0.680067
1.83 4.725 0
7.180294 4.342151 4.528189
9.15111 14.1211 4.19349
-0.203508 4.385731 3.481213
-0.393025 4.552702 1.726976
-1 6.49 4.3425
-1 7.24 4.57954
-1.55449 8.04449 5.51446
15.85 8.68307 5.06625
14.03671 9.898606 1.357967
13.5645 12.1774 -0
13.8675 13.6914 0.947047
15.85 12.7262 0
13.3262 12.9634 4.3425
12.12 13.1025 1.4475
13.602574 14.72173 3.051331
-1 8.49 4.3425
0.407249 4.421751 2.424094
3.66 7.01 2.895
-1 7.49 5.79
12.3125 0.7625 0.403311
11.2475 3.355 0
12.92129 0.384316 1.058677
13.37 1.525 1.4475
9.11 7.32 2.895
11.46347 2.877326 4.481576
11.86892 2.863571 5.312037
9.1175 5.49 5.79
7.56952 0.419253 3.57409
7.17855 1.82199 5.79
10.392931 0.115899 4.546594
8.696 2.4539 4.72502
12.783173 2.782709 1.438119
11.3364 0.581187 2.92542
9.547401 1.601749 1.195663
9.882509 1.650958 2.716568
10.853113 3.96226 3.226346
13.37 0 1.4475
12.2084 0.101287 1.16413
11.8714 -1.11646 3.8592
12.296676 -0.126829 3.352931
12.495 -1 5.115
12.329839 0.678527 4.871393
8.400403 1.853626 3.593732
3.401465 3.090031 4.428148
5.41928 4.416 5.79
4.14202 1.33425 2.17125
8.80198 0.090237 4.3425
4.096885 4.112198 4.968754
8.382207 4.603851 4.674264
1.01201 3.965 5.79
0.447731 3.284567 5.057364
5.502974 6.979323 4.16293
3.146703 5.277704 3.071525
4.27408 3.81215 0.526842
-1.5 4.465 4.3425
0.246388 4.59442 5.05995
10.015 -1 5.115
5.49851 0.972126 1.39414
6.855 0.61 0
10.89 -2 2.895
11.62 -2 2.895
4.97449 5.05623 3.453556
2.745 6.63 4.3425
6.052976 4.531099 4.823506
1.83 6.25 5.79
3.613599 9.846 1.59303
10.175 6.2525 1.4475
10.175 6.2525 4.3425
8.36525 5.48692 0
9.924386 4.994089 0.760844
8.283889 4.725817 2.98878
9.175135 5.986082 0.867832
9.30207 4.030088 1.396129
7.605517 6.686092 2.189273
7.533112 3.485229 0.666347
5.55889 3.4539 2.14985
7.51118 2.92137 3.64087
11.689537 2.404358 1.385385
10.733002 4.710515 1.313071
10.2455 3.9198 0.510238
10.785958 1.545392 1.145386
11.4535 4.27086 0.677955
8.527768 2.958086 0.993099
11.8678 1.44229 3.89611
13.37 0 4.3425
13.37 1.525 2.895
12.720669 1.66602 5.393932
4.787614 19.481 0.547428
4.000765 19.763599 4.220232
5.89727 17.4967 5.20446
6.95839 18.3019 5.79
3.790515 17.307747 4.636732
4.22306 17.7703 2.16746
15.1905 8.30875 5.79
15.85 8.30875 5.79
15.85 9.7749 2.17125
13.162442 7.163191 4.992832
14.5594 7.46161 2.76177
15.85 6.84864 1.4475
14.761343 9.346534 4.069453
15.85 6.1 4.3425
14.725912 6.569943 0.710594
15.049576 7.950261 1.466109
15.85 6.1 1.4475
14.663 4.77 2.895
15.254323 6.806225 2.740809
9.12875 8.7675 4.70439
9.12 7.32 2.895
13.715 6.1 4.3425
14.7825 5.56471 4.98506
13.634358 7.081571 3.624539
14.7825 6.98409 5.79
12.2292 9.54447 1.98029
10.9354 8.1456 5.79
10.6288 9.9825 5.79
9.12 7.32 4.3425
10.7341 10.6581 1.46912
9.13969 10.5769 1.80936
10.268672 12.231711 4.598451
10.09783 10.373305 4.352137
10.499 19.8575 5.79
12.12 21.7962 4.3425
11.199552 19.861155 4.377596
11.545 23.465 1.37433
10.499 19.8575 0
12.12 21.4838 0
10.97 23.77 1.4475
9.083382 21.717552 0.854644
8.535 23.77 0
8.33637 20.5376 1.4475
7.608234 22.120891 2.967876
9.565116 20.591211 1.840652
12.12 20.12 1.4475
11.294435 21.149056 0.855422
12.12 20.8019 0.72375
11.2594 21.9003 1.1352
11.3095 20.6706 0
9.564567 19.852324 5.213825
7.129069 22.637107 5.37983
9.876301 22.823249 5.397415
10.234591 21.630853 2.53277
12.12 20.12 4.3425
12.12 21.7962 2.895
11.214037 22.172604 5.140304
10.1827 23.77 4.3425
10.97 23.77 4.3425
9.1625 16.005 5.79
4.79179 16.6495 5.79
8.41684 19.2809 4.3425
7.94909 19.047 5.50261
3.05 17.0637 4.3425
4.38781 21.4197 4.85076
9.11587 8.29105 1.4475
5.274573 8.40992 0.828412
3.05 9.74875 1.4475
8.48857 10.7939 0.921154
3.05 13.4062 4.3425
7.60763 11.5052 5.01212
6.29967 8.66511 5.79
4.319702 8.438136 5.221655
8.221098 9.238832 4.783532
9.1275 10.215 5.79
7.64714 12.2767 3.5137
6.56435 9.25041 3.50808
4.451423 10.219651 2.862276
8.12388 13.5991 3.37691
3.05 9.74875 4.3425
5.73794 14.8252 5.79
5.61834 13.362527 4.683049
4.12138 9.74875 5.79
4.852445 10.717861 4.918547
9.17344 17.8144 4.3425
8.439103 17.350849 3.081743
7.19154 18.617883 2.051631
9.1625 16.005 1.20621
5.148394 16.666201 2.82191
6.25815 14.925502 3.256386
6.842249 16.8282 4.947143
3.750783 12.518707 3.722478
3.53211 10.654924 5.021739
4.097226 12.040573 5.197872
3.05 13.4062 5.79
4.87875 8.7625 0
4.042327 13.181749 1.21843
7.315509 15.922537 0.508153
3.727926 21.092564 2.76643
4.91915 22.2996 0
6.670301 21.972165 0.430408
7.74774 23.77 1.80938
5.906503 15.862275 1.556835
3.05 17.0637 1.4475
5.31987 20.642618 1.732082
5.74173 21.7119 0.72375
6.95718 19.9713 3.10376
7.17871 21.116155 0.603534
3.8125 22.855 3.61875
3.05 22.55 2.895
5.25236 23.4309 4.3425
10.5051 23.077 3.16835
9.66996 22.249079 3.753484
8.470358 21.539127 3.648231
8.701133 20.436978 4.022534
3.05 18.8925 4.3425
7.86179 20.0003 3.72571
7.7196 20.819 3.21039
9.88537 18.0303 3.65918
9.06553 21.4436 5.79
6.80732 22.4571 5.79
9.7525 23.77 5.79
7.529959 22.745172 4.247327
6.88177 21.5746 5.00123
5.572067 21.222417 4.705726
10.6344 11.8962 5.79
10.244 18.8326 5.08037
11.255161 18.057773 2.90425
12.12 18.9694 5.06625
10.6462 14.5537 5.79
9.531631 18.034913 4.784094
10.1118 18.5156 5.79
9.18344 17.8144 4.3425
12.12 18.1312 0
12.12 18.9694 0.72375
11.11645 19.105891 2.230956
9.6673 17.4496 0
9.19 18.9 2.895
9.436506 19.812184 1.13435
9.18344 17.8144 1.4475
10.6462 14.5537 0
9.16375 14.5575 1.4475
9.8006 16.165391 1.282468
10.774897 13.877711 4.614498
9.16375 14.5575 4.3425
9.50065 16.2237 4.3072
9.1674 15.1606 2.895
11.187278 15.533705 3.312266
10.754433 13.519108 3.002695
10.2106 14.8035 1.03614
11.369609 16.722887 1.310228
12.12 14.7787 1.4475
10.6462 16.23 0
12.898027 6.011935 3.649406
12.614404 6.449231 1.468363
10.965 6.405 1.4475
11.58 6.1 1.4475
10.381775 7.333685 0.611387
10.643791 9.654858 0.567657
10.5618 9.55287 0
10.290616 8.671023 2.560561
10.7488 7.645 2.24341
12.6475 5.56471 0.804941
14.836292 9.524307 2.799769
-3.25 8.99 5.19125
-3 6.49 4.3425
-1.97949 6.61311 2.58015
-2.16867 5.36771 3.18927
-2.25 5.4775 5.79
-1.25 5.4775 5.79
-2 6.49 5.79
0.915 5.87 4.3425
-2 6.49 0
-2.54283 7.322775 0.817522
-1.990273 6.947801 1.029635
-0.75 3.4525 1.4475
-1.37628 4.29797 1.80377
0.602661 2.716765 1.287139
4.72862 8.23821 5.79
1.83 6.25 0
0 3.965 0
1.02451 4.08131 0.363497
2.42912 2.36988 -0
1.21456 3.16744 0
2.477659 3.630035 1.036549
7.27214 4.038 5.79
8.259212 14.915369 5.129187
-0.75 3.4525 2.895
1.233326 5.206126 1.681187
0.043456 5.21281 1.88778
-0.910003 5.047762 1.028994
-2 8.49 5.79
15.161344 8.109549 4.084893
14.966699 10.709092 1.439803
13.533339 11.573039 1.811303
12.707219 8.6361 2.273495
14.384 11.9569 0.979657
13.985 10.1337 0
14.8661 13.309 3.23155
12.12 10.4888 2.895
12.9285 13.1025 5.79
15.85 12.378 2.55582
12.12 13.1025 5.10376
14.019122 11.323383 5.014622
15.85 13.6565 4.17291
12.12 13.1025 0
12.12 14.3019 3.27563
14.1735 13.5562 0
13.1621 13.1715 2.73422
14.568676 16.985716 1.500429
13.832335 15.040687 1.393531
12.92515 14.181554 1.241122
5.886467 6.910754 2.51525
-1.5 7.99 5.79
12.8623 1.525 0
12.3125 0 0
13.0617 -0.352336 0.72375
13.37 0.7625 0.72375
9.11875 8.7675 4.66214
8.618057 7.470145 1.190614
10.1798 2.65508 5.20133
11.72326 3.242122 3.459574
12.130037 1.346291 5.470416
11.551144 2.895055 2.274137
10.834004 2.45204 3.16347
11.2475 3.355 5.79
12.162092 2.138515 4.949917
12.305 4.1175 5.79
10.175 6.2525 5.79
7.076045 6.405465 5.377425
6.855 0.61 5.79
9.206537 1.883264 4.043186
9.1325 1.83 5.79
10.19155 4.262754 4.5329
13.37 3.05 1.4475
12.351542 2.467798 0.579007
10.8961 -0.377358 3.0244
10.434421 2.654338 0.913203
10.065486 1.181246 0.336479
9.1325 1.83 0
9.65732 4.72104 2.83536
12.847231 -0.013378 2.214096
11.255 -1.63864 3.81492
11.453433 -0.39319 4.737967
8.70922 3.61977 3.923
8.03007 1.149964 1.819306
8.68917 2.39254 2.28133
8.83042 1.06724 2.66331
2.393722 4.527765 4.087784
4.35957 2.98675 5.79
3.91228 5.28752 5.79
4.509581 6.36106 4.973243
2.98388 2.30686 2.895
8.15853 1.09359 5.12321
4.13592 4.13714 5.79
3.124283 2.189899 5.14054
6.78591 6.35155 5.79
10.1825 4.4225 5.79
9.46896 3.40848 4.73859
1.300849 2.786912 4.954256
1.10667 2.800635 3.910482
8.12914 6.40096 5.79
5.915323 8.162849 4.307007
4.737607 6.320272 3.604745
1.753481 4.834336 3.277304
2.951852 5.758566 1.699953
4.41081 3.85244 0
4.687903 5.546951 0.551716
3.7382 2.23923 0.913219
3.220798 5.165701 0.801587
7.26056 3.68479 -0
5.880075 4.902835 1.234138
1.50284 4.92585 5.01591
0 5.49 4.3425
4.520023 1.80532 1.504375
4.13325 4.25458 2.09557
3.519324 6.208891 3.421289
4.076995 7.918374 4.603843
2.501328 5.705729 3.812375
2.550193 5.502322 4.929782
7.286201 5.538708 4.23652
7.500869 5.127202 5.300832
1.95357 4.91685 5.79
4.604785 11.463645 1.007679
9.515894 5.981891 3.007235
10.3446 5.19605 3.73719
8.17089 4.644631 1.088107
8.472762 3.911346 0.729176
9.86657 5.94479 0
10.1825 4.4225 0
7.881053 6.019762 3.061094
9.709679 2.872252 0.835148
9.921492 3.274074 2.405199
8.932352 5.615186 2.70244
10.236045 4.459795 2.018811
9.070234 6.470362 1.850685
7.463477 5.745196 1.034632
6.451343 2.304526 2.759093
4.55041 2.32955 3.42925
7.483239 1.731332 2.644261
12.0549 2.44 0
11.340133 4.299945 1.882012
11.24 5.185 1.4475
11.6849 1.32794 0.96342
10.239672 0.573372 2.126106
12.305 4.1175 0
6.985161 2.419546 1.076271
12.725809 2.036069 2.009988
12.8623 1.525 5.79
12.0549 2.44 5.79
13.37 1.525 5.79
12.0586 0.7625 5.79
4.85461 19.2496 -0
4.102658 18.04006 0.875007
6.239666 19.564207 0.919726
4.992674 19.552674 2.606408
3.619203 20.978514 0.918606
3.05 20.7212 3.61875
5.633 17.7931 5.79
5.818109 16.226291 5.108185
7.76419 19.2109 5.79
3.52751 17.7221 3.29528
4.28363 18.2431 4.61087
4.997091 17.040094 4.42987
5.166762 19.100099 1.392393
15.85 7.20437 5.44383
15.85 8.14018 3.98062
12.6475 6.72027 5.79
15.85 8.68307 0.72375
13.936681 8.252297 4.131314
13.985 10.1337 5.79
14.7825 6.94641 0
14.509843 5.889589 1.234344
14.7825 5.56471 0.804941
14.8718 7.23767 4.12436
9.55833 8.7649 5.79
13.2415 5.435 4.79
15.017801 6.278395 5.414141
14.189 5.435 4.79
12.2547 7.83142 0.904414
12.526019 7.090807 2.807216
14.7825 6.1 5.79
9.893293 8.048106 5.003323
10.35 6.71 5.79
12.092987 7.369386 5.089896
11.7915 7.43293 5.79
11.065413 9.974017 4.898583
10.1952 7.55671 3.78153
10.6288 11.6587 0
10.320858 11.616662 2.674671
13.355485 10.248525 2.448064
12.12 11.1138 1.4475
9.13609 9.98236 2.86914
9.15062 12.3862 4.3425
11.371544 12.184817 4.688678
9.13641 10.0341 4.52342
10.106711 11.218939 5.062929
9.78225 20.6506 5.79
12.12 23.16 4.3425
12.12 21.4838 5.79
10.472371 20.324513 4.95874
12.12 23.16 1.4475
11.294867 21.83855 0.206353
11.2992 22.3196 0
9.39888 23.77 1.31861
9.06553 21.4436 0
10.1844 23.77 0.659304
8.803524 21.732812 1.840401
5.272618 20.07055 0.632275
8.054821 23.167515 2.879952
10.5011 19.738586 1.388949
9.327319 20.159552 2.645539
9.87351 20.677051 0.810628
11.628749 19.77013 2.404851
9.48613 19.7753 5.79
7.49846 23.538 5.16504
7.3175 23.77 5.79
9.74561 22.5074 5.79
9.494138 22.97948 4.480312
12.12 21.1144 3.61875
7.92625 23.77 4.97891
8.06044 17.1534 5.79
8.063477 16.397494 4.902497
7.93442 14.7708 5.79
4.643531 17.729281 5.247118
3.05 17.0637 5.79
8.875 19.51 4.3425
9.18 18.9 4.3425
5.96838 16.6652 5.79
3.05 17.0637 2.895
4.80849 20.5673 4.2355
3.89238 20.7212 5.79
3.05 21.6356 1.80938
9.1275 10.215 0
9.11 7.32 1.4475
7.324319 8.693059 1.101442
4.681791 7.278975 1.110959
6.99437 8.04125 0
4.042486 8.340576 0.909849
3.05 9.74875 0
3.605569 11.339647 1.633535
9.13228 11.0051 1.86441
7.269748 12.39695 0.333306
3.05 11.5775 4.3425
3.99541 14.8935 4.3425
4.120634 13.073963 4.79607
7.35834 11.4686 5.79
7.926867 12.911235 5.049076
6.776719 12.442223 4.299778
9.13625 11.6625 5.79
7.99626 10.328016 3.443808
5.851676 7.539581 5.245507
5.507046 8.75984 4.886178
8.07876 8.77379 5.79
9.13228 11.0051 3.8924
6.21402 10.2991 5.79
7.52071 11.925023 1.899915
5.357006 11.964716 3.378509
8.235382 10.943936 2.493424
7.486361 9.710612 4.968505
8.323501 9.125011 3.787669
3.573978 10.107967 2.755894
3.69508 9.12404 3.12259
5.539088 10.537882 3.68276
3.55136 8.85449 5.17747
5.21053 9.20693 5.79
4.549716 9.587717 4.702014
3.05 9.74875 5.79
4.285282 10.495512 4.070768
5.06198 10.4259 5.79
9.16797 16.9097 2.77436
8.188973 17.731244 1.119156
9.15366 14.5432 2.37201
7.647765 16.984477 3.723031
7.94581 19.0792 1.0632
6.17297 20.5133 2.42729
8.00199 18.5504 3.34098
8.21378 19.1794 2.23289
8.184033 17.929384 2.202515
8.246804 16.916893 1.899616
8.44687 16.0093 0
7.16549 17.5074 0.839375
3.924163 16.639695 3.517212
6.470754 15.531924 4.084477
7.540101 14.876426 1.848479
4.985559 14.965619 2.377645
6.30092 17.037487 3.928092
3.05 13.4062 2.895
6.009808 12.857951 3.402826
3.786339 9.945343 5.003168
3.05 10.6631 5.06625
3.58569 10.6631 5.79
4.12138 12.3778 5.79
4.95231 12.8101 5.37558
4.603302 12.256729 5.264105
3.912005 14.157918 5.188904
3.05 13.4063 0.869896
3.87083 12.4919 2.11227
3.902601 14.396825 1.471715
5.02612 12.3437 -0
6.57991 15.9764 0
8.456885 14.263857 0.632999
5.683774 16.509666 0.600776
5.222472 15.453363 0.688292
3.05 21.4814 2.86716
5.177497 22.636338 2.743085
3.527458 19.549186 1.430574
4.179584 20.390518 3.09324
3.05 19.906 1.4475
4.575 23.16 0
6.68106 22.2158 0
7.205357 23.154551 0.752027
8.344564 23.279126 1.119699
8.21397 23.77 2.895
7.59679 22.474972 1.831631
6.604248 15.563503 0.791258
5.99083 15.8296 2.71217
4.959084 14.929297 1.221048
4.507241 17.283216 1.027928
4.625826 21.07112 0.613635
6.044686 19.844305 4.597543
7.19 18.8987 0
3.951413 22.016882 1.019581
5.05736 22.2092 3.93501
6.1 23.77 4.3425
4.86088 22.4453 5.79
9.251114 22.203607 4.931226
8.530331 22.855748 3.904604
8.777863 22.173074 2.805597
9.56602 21.0129 4.32167
3.514319 19.795593 3.492587
7.52733 19.8163 4.7897
6.532767 21.292823 3.533473
10.938 18.4043 4.16473
10.1601 17.5105 2.47093
6.70875 23.251 5.79
9.05449 23.77 4.66071
6.2427 22.1455 5.19383
6.457343 20.556877 4.788885
7.68866 21.2885 5.79
10.140219 13.229122 5.234356
9.14625 11.6625 5.79
12.12 18.1312 2.895
10.843333 17.748416 2.073499
10.50711 16.405353 2.223775
11.09128 20.058835 1.839469
10.661809 16.042103 5.089028
10.014528 18.251315 4.451139
9.18125 17.4525 5.79
8.57 20.12 4.3425
10.239788 16.461407 3.591415
9.19 18.9 4.3425
11.7789 19.3076 1.4625
12.12 19.1256 2.17125
10.45361 19.107651 2.845007
9.18125 17.4525 0
10.288816 18.782006 0.997187
8.88 19.51 1.36664
9.18344 17.8144 2.57838
9.17469 16.3669 1.4475
11.652237 15.18709 0.487747
9.16375 14.5575 0
9.16812 15.2812 0.72375
10.6403 13.225 5.79
10.914773 15.326655 4.452124
9.964139 13.87687 3.742827
9.17469 16.3669 4.3425
11.378154 16.541922 4.322012
9.16922 15.4622 1.91994
10.277133 14.936227 2.725641
10.0151 14.443 1.93433
12.12 14.6225 2.895
11.423906 13.291383 3.597309
10.957045 12.633572 1.293946
10.19349 12.585639 3.393296
12.12 16.455 1.4475
12.12 14.7787 0
11.402318 15.402546 1.681273
12.8934 6.93616 4.04137
13.715 6.1 1.4475
11.499997 6.877742 0.641735
13.941132 8.403112 1.482285
10.35 6.71 0
10.0425 6.8625 0.72375
9.12 7.32 1.4475
9.12875 8.7675 0
10.107809 10.834186 0.600839
11.226418 9.924766 2.954816
11.9147 7.90593 2.38247
12.054 5.435 1
14.123538 11.04064 3.403217
-1.480612 6.374303 1.947429
-2.550537 6.956724 0.376219
-2.609857 6.650126 0.774271
-2.5 6.99 0
-3 7.49 0.464683
-0.75 3.4525 0
0.11806 3.056643 2.145728
-0.95317 3.72678 2.17125
1.65254 2.92182 2.36419
0.71452 2.24925 1.4475
0 2.44 1.4475
2.745 6.63 1.4475
3.46046 5.29451 0
0.915 4.345 0
2.285 1.83 0
2.75823 2.66597 0.974807
1.857575 4.30178 0.956584
3.35575 3.233549 2.021419
1.612747 2.504905 0.741572
2.93944 3.75346 -0
1.586914 3.078325 1.257307
8.15178 2.741 5.79
8.07712 3.448803 4.833782
7.70064 5.21948 5.79
7.452678 14.327456 5.161726
7.321502 15.106459 4.564307
9.15375 14.5575 5.79
0.915 5.87 1.4475
2.854533 4.617862 1.892065
0.944507 5.311334 2.723735
1.797329 4.024501 2.196175
1.07385 5.4875 0.384674
-0.946548 5.53924 1.688253
-1.875 4.97125 0.602509
13.449311 8.164894 2.906866
15.85 11.4477 1.27791
13.187128 12.795265 0.931441
14.324205 10.514176 2.398674
13.316493 7.333615 2.098951
12.9881 9.18577 0.897376
13.429713 11.426726 0.721623
14.095967 12.852678 1.923012
14.876665 12.814358 0.613317
14.7072 11.3475 0
14.085993 12.314012 3.457979
14.615893 14.24209 2.280209
14.994267 12.864227 2.275129
15.2 12.7262 5.79
12.12 9.75 2.895
12.895089 9.161929 4.169239
13.8742 11.7667 5.79
13.730786 15.001159 4.836226
15.85 13.8306 1.4475
15.123308 10.663828 3.172477
12.12 13.1025 5.79
12.12 12.3953 3.08532
12.771272 15.469242 4.07745
15.070222 11.887212 3.541693
14.8871 11.1065 4.25566
12.933096 11.371343 5.039368
15.85 12.7262 5.79
13.031664 10.542606 3.74844
14.783898 14.800317 3.779269
15.85 12.087 4.2577
14.7964 14.045 5.24555
12.911361 13.921181 0.559
13.100846 14.367692 4.096864
12.12 15.0912 1.4475
14.820973 14.298127 0.874248
12.644155 13.652878 2.272181
12.12 11.2369 1.16233
15.85 19.3525 0
15.85 17.1437 2.895
14.4042 17.3641 0
13.443796 20.70189 2.962335
15.85 20.8533 3.43513
15.85 19.3525 5.79
14.741502 15.546384 2.51239
12.818565 15.559753 2.63503
12.12 14.7787 0
5.39334 7.6293 3.45868
4.5898 6.87745 2.38394
12.828839 2.060541 0.867774
13.37 0 0.72375
13.37 1.525 0
10.175 6.2525 0
10.19 2.5925 5.79
10.1317 1.54394 5.36258
10.280859 1.705247 3.745234
11.251376 3.735361 4.933993
13.37 3.05 4.3425
12.1799 3.27875 5.79
10.0236 5.32893 5.05622
7.360456 7.745 4.48642
5.75726 7.29488 5.79
8.815686 2.706639 3.642789
9.403387 0.940618 5.173052
10.1975 0.7625 5.79
7.99375 1.22 5.79
11.622061 -0.597093 3.232196
10.470258 -0.713936 2.008712
11.24761 -0.625663 1.596868
11.4788 -0.072149 2.90187
10.19 2.5925 0
10.256118 1.852458 0.444302
10.1975 0.7625 0
10.1937 1.6775 0
8.401994 0.759691 0.854692
8.19653 2.75739 0
10.175 6.2525 2.895
13.0617 -0.352336 2.17125
12.9234 0.772584 1.94688
11.255 -2 3.6675
8.07737 3.60819 3.08561
9.286501 4.435367 3.800389
7.9975 0.305 1.75601
8.09853 2.605634 3.004277
1.971384 4.069448 5.120371
3.57406 4.26914 3.75429
2.859909 4.57994 4.958834
6.159714 3.042709 5.173055
4.926421 5.041124 4.82018
5.26797 5.89304 5.79
4.35601 1.27713 3.98062
2.81855 1.68756 2.895
8.78092 1.498676 4.691224
7.82849 0.350119 4.75774
8.89043 0.913993 5.79
2.285 1.83 5.79
3.15102 2.71553 5.79
1.2888 2.68303 5.79
9.289885 4.594159 5.285582
0.71452 2.24925 4.3425
0.972226 3.305678 2.979798
2.16117 3.22166 3.85531
1.40927 2.06378 2.895
7.43233 7.56267 5.79
7.4427 6.77906 5.79
8.32116 7.97764 3.945668
6.522615 6.883647 4.645568
7.33116 8.81019 4.30331
3.5646 4.27458 1.18581
2.050881 5.176442 1.919714
5.02625 6.1725 0
5.716668 2.422301 0.936991
3.019567 6.028959 0.552852
3.87781 2.49917 0
3.37393 2.066491 1.823004
4.670797 2.113552 0.82917
2.019285 5.616129 0.787689
5.20997 4.52077 2.39685
6.798888 4.262937 2.462044
6.885006 4.536687 0.890818
7.25791 5.16816 1.99592
0.675693 4.946559 3.797667
-1.062181 5.946533 5.102712
3.4275 1.525 0.72375
4.35601 1.27713 1.08562
4.699446 3.046799 1.589784
4.855847 4.66617 1.13676
4.217029 7.336 4.218778
3.080135 6.288339 2.616345
2.87114 5.76876 5.79
7.47244 5.97069 5.79
4.44017 10.6631 0
3.738524 10.768288 0.770334
3.05 11.5775 1.4475
4.211825 9.387255 0.650351
8.823522 6.51155 3.60543
8.18303 4.05726 1.89483
5.950677 4.200854 0.608673
8.20176 4.34749 0
9.996632 5.811555 0.7613
10.3836 5.25816 0
11.2437 4.27 0
7.02302 7.04167 3.39803
9.12922 2.93721 1.69793
9.52983 2.4022 2.21253
9.7973 5.23383 1.604278
9.6425 6.78625 2.17125
8.183627 5.893396 2.132552
8.053208 6.684297 0.536463
5.519112 2.962854 3.343648
3.499846 2.128879 3.754027
3.75897 3.19267 3.14897
5.014829 2.450373 4.781542
6.696188 1.50733 1.418971
12.8897 2.36289 0
11.7725 4.65125 2.17125
11.7725 4.65125 0.72375
11.366976 0.790441 0.520314
9.172304 0.462706 1.569767
6.3532 3.43083 1.22593
13.37 2.2875 2.17125
11.2512 2.44 5.79
12.8897 2.36289 5.79
12.0586 1.525 5.79
12.3125 0 5.79
3.507108 18.156117 1.747897
3.89238 17.0637 0
4.3735 18.1567 0
5.863941 18.149375 2.326577
6.245845 19.497208 2.085313
5.89793 19.3362 3.53581
4.140047 19.164004 0.779732
3.91504 20.45897 1.964677
3.927563 18.916139 2.118767
3.05 20.7212 0
3.05 22.0653 4.3425
4.062255 21.710356 3.678253
8.53453 19.3398 5.79
3.05 17.9781 3.61875
3.882136 15.987976 2.117808
4.139521 18.779375 3.495089
4.13458 17.755 5.79
15.85 7.20437 5.79
15.85 9.42922 3.50209
12.6475 6.1 5.79
15.85 8.50642 1.99252
15.85 8.30875 0
14.879641 9.591125 0.737703
14.962055 10.377826 4.870606
13.421976 9.002275 5.044212
13.9398 8.79327 5.79
15.85 7.20437 0.346168
14.189 5.435 1
15.3765 5.435 1
14.7825 6.1 0
9.12875 8.7675 5.79
9.78863 9.61785 5.2568
12.8982 8.17872 0
13.579574 7.156752 0.876926
15.3163 5.83236 5.38753
15.3163 6.54204 5.79
11.1323 8.07689 4.72439
12.247152 8.58798 4.911234
11.4611 10.9369 5.40997
11.452597 7.538094 3.491308
10.276929 8.75231 3.892156
9.14734 11.8434 0.904681
10.152548 10.651764 3.227442
9.995418 12.937388 1.934301
12.12 11.4262 0
11.606572 10.807274 2.097729
10.899152 12.458781 2.287252
9.532813 10.070902 3.704036
9.749175 13.806478 4.848246
9.15719 13.4719 4.70435
11.347 11.911 3.57836
12.12 11.1138 4.3425
12.12 12.79 4.3425
9.14406 11.3006 4.70436
10.6404 11.4803 4.76449
9.698681 10.557999 5.140862
10.271334 20.992695 5.304753
12.12 22.4781 3.61875
11.545 23.465 3.76509
11.2992 22.3196 5.79
11.2992 21.4815 0
10.8888 21.8994 0
9.74438 22.7434 1.80304
7.3846 20.9507 0
8.827365 21.086811 2.650859
8.34983 22.8147 1.92297
8.995307 22.813713 1.405561
10.3957 20.1989 3.37852
9.720894 19.544227 3.171507
6.93941 23.77 4.87224
8.55404 23.1668 5.2888
9.17125 17.4525 5.06625
8.175521 18.251442 5.214702
8.05119 16.0031 5.79
8.32239 15.2477 4.2745
7.49456 16.5828 5.43233
7.533975 15.556316 5.179674
5.85316 15.7452 5.79
7.01441 16.9093 5.79
5.167865 20.32568 5.185529
3.952129 19.616824 5.177909
3.05 20.7212 5.79
7.16888 12.3437 -0
8.81023 9.746732 1.180281
7.54059 9.63874 0
7.67981 6.76408 0
6.16215 6.94697 0.984426
3.05 7.92 1.4475
3.82429 6.3321 1.02008
4.9525 7.4675 0
7.433665 7.863927 1.247417
5.826286 7.798947 0.605515
4.730035 9.17955 1.653099
3.73719 8.83438 0
3.05 10.6631 0.72375
3.05 12.7205 1.88245
8.0515 11.33 3.98524
6.389301 11.169202 1.386947
6.328703 13.101368 1.874885
3.05 12.4919 3.61875
3.05 15.235 4.3425
4.569965 15.509541 3.519718
5.29005 14.5089 4.26907
4.582271 12.29412 4.486664
8.461368 13.927002 5.069878
5.364933 12.396165 2.459985
8.307256 10.505835 4.927878
7.5191 9.62399 2.45763
8.225669 7.947397 5.029898
7.20493 8.46211 5.79
7.71855 10.1212 5.79
9.11875 8.7675 5.79
8.688114 12.330665 4.395142
9.14103 12.4535 4.40194
6.093362 9.645467 5.432819
8.70083 11.846 2.43601
4.33883 11.574068 2.885759
6.12589 9.98126 1.83601
7.29917 10.5691 1.519
9.13187 10.9387 4.97807
8.799426 9.809549 3.744236
3.05 9.74875 2.895
3.05 10.6631 3.61875
4.911 10.9951 3.51619
6.886719 10.560227 4.189697
5.42719 9.36502 3.93385
3.05 7.92 4.3425
3.05 8.83438 5.06625
4.317602 8.842997 4.001059
4.717982 10.109203 5.290024
3.58569 8.83438 5.79
4.22815 11.4034 5.79
7.49011 17.3112 0
6.52195 18.3797 0.693316
9.17398 17.9048 1.38718
9.14916 13.7988 3.15915
8.011173 13.55069 2.002316
9.15375 14.5575 0.603107
7.737968 14.749158 3.022355
6.731557 18.052245 3.328086
9.1625 16.005 0
9.17125 17.4525 0
7.867846 16.619224 0.800421
6.35787 17.6018 0.865883
7.120278 17.490912 1.714054
7.98976 16.0521 2.72315
8.38891 14.676954 1.643425
7.235708 12.864016 1.032266
3.92408 14.3206 2.84259
3.67819 12.036272 1.077144
6.572233 12.26146 2.83053
5.79398 13.8475 2.59319
3.05 10.6631 5.79
3.448484 12.419942 5.070608
5.58217 12.8409 5.79
5.636618 12.355841 4.525587
4.93436 12.3489 5.79
4.58125 11.8761 5.79
4.39397 15.0301 5.79
3.05 14.8023 1.4475
4.920157 14.109474 0.813171
4.136253 15.22774 0.874646
4.87094 13.612916 1.785561
5.559148 11.395843 0.575085
3.47751 13.4063 0
7.27219 15.0909 0
4.81495 15.6057 0
8.122418 15.399262 0.970134
9.14623 13.3142 1.49564
6.93721 16.8099 0.408764
5.81873 15.2135 0
4.67131 14.1867 0
3.988481 22.084444 2.379897
4.82948 23.2618 2.7921
4.199262 20.060313 0.404386
3.69757 20.113976 0.963575
3.05 18.4849 1.4475
3.05 20.3136 2.53313
6.43128 22.4879 1.13896
6.1 23.77 1.4475
8.4124 23.77 1.02261
7.073484 23.110665 2.631619
7.412238 15.203684 0.931247
6.62789 15.0513 2.08799
5.689207 17.077479 1.578969
4.5025 20.7225 0
6.478111 18.604388 4.741379
5.20681 19.2762 4.77901
5.42537 20.0141 5.79
7.351354 20.165935 0.726754
3.05 22.55 1.4475
6.306512 22.93248 3.564514
5.00418 20.9285 5.79
4.575 23.16 5.79
9.011873 23.378351 1.900364
3.05 19.6637 3.61875
10.202827 18.405651 2.054999
10.2109 18.2625 2.89326
9.89472 12.5031 5.79
12.12 19.9392 2.24402
10.336499 20.08669 2.424096
10.6462 16.23 5.79
9.869705 15.060366 4.931499
9.18672 18.3572 5.06625
8.999523 20.458872 4.925221
9.18672 18.3572 4.50081
12.12 19.3367 1.41628
10.528698 18.52874 3.53664
9.19 18.9 1.4475
11.3831 15.5044 0
11.212693 14.519833 0.829952
12.12 15.9874 4.3425
9.1612 14.1353 3.31718
11.3159 16.9659 3.40179
12.12 17.0593 3.88949
9.844909 12.202723 2.412693
11.6141 12.4184 4.00315
11.458468 13.467086 1.799885
12.12 12.79 1.4475
11.058998 11.475139 0.874568
13.2415 5.435 1
12.6475 6.88038 0
10.965 6.405 0.560969
11.6184 7.16774 0
10.735896 7.199573 1.030307
11.3744 10.7044 0
10.1912 10.6187 0
9.762545 11.562487 0.405337
9.66667 9.74012 0.878935
10.993936 9.529415 1.834687
11.422875 7.708384 1.285477
14.449483 10.143309 3.500304
15.85 10.9869 2.96933
-1 6.49 1.4475
-1 6.99 2.17125
-3 7.49 0
-3 6.49 0.72375
-0.375 2.94625 2.17125
0.101913 3.255792 3.2333
0.35726 2.34463 0.72375
0.35726 2.34463 2.17125
2.745 6.63 2.51033
5.17995 4.89007 0
3.4275 1.525 0
4.197167 2.323444 2.079221
1.49976 2.03963 0.72375
1.1425 2.135 0
8.27564 1.95942 5.35375
6.956497 15.803883 3.233042
6.828276 15.935945 4.838682
0 5.49 1.4475
0.915 5.87 2.51033
0.266954 5.60087 2.17125
0.915 5.87 0.384674
1.07385 5.4875 0
13.924249 9.348782 2.361484
15.1568 11.9173 1.30023
12.908407 12.603789 2.138721
14.083685 10.836354 1.226951
12.7435 10.265 1.23527
12.8422 10.9637 0
13.378233 12.192203 2.781424
14.988352 15.530919 1.272693
15.85 13.6565 2.72541
14.909726 12.013372 4.88385
14.5035 12.9027 4.27903
13.410004 9.235955 3.195783
12.176081 8.543736 3.564151
11.6499 8.72906 1.86703
12.12 11.1138 2.895
12.12 11.4262 5.79
13.918556 10.025904 4.421058
12.12 11.2598 4.63351
13.7301 15.0696 5.79
12.12 15.3785 4.53282
15.85 12.6392 1.3627
15.353 13.8306 -0
14.620869 11.637384 2.331052
12.913329 11.87806 3.605675
12.8185 14.933551 3.362115
15.0832 11.4919 5.79
14.615284 9.404718 5.154793
12.12 11.4262 5.79
12.947536 12.23651 5.074045
12.827884 10.160024 4.871887
15.85 13.8306 5.34919
13.0729 11.1423 2.90052
15.85 16.0394 4.3425
14.4651 13.8979 5.79
15.85 13.8306 5.79
13.0456 13.7874 0
13.500311 15.387029 3.759035
14.788295 13.484005 1.158042
13.401393 13.822812 2.090954
12.12 14.0969 2.10263
12.12 13.2461 2.59397
15.85 14.8479 4.2577
14.02 23.77 2.895
15.85 17.1438 0.604913
12.1201 19.8075 0
13.493086 16.271702 0.804746
14.968002 19.398839 2.43321
13.96886 18.836028 0.954958
12.155 23.465 2.895
12.1201 23.16 2.895
13.446011 18.515 4.593006
15.85 19.1486 2.13451
15.85 23.77 2.895
15.126254 19.242369 4.258575
14.7901 17.211 5.79
12.12 15.2963 2.6205
13.859082 16.997729 3.673429
3.807509 6.711124 1.847863
2.94299 6.71222 3.42641
13.37 2.2875 0.72375
13.37 2.2875 0
13.37 0.7625 1.4475
9.6425 6.78625 0.72375
10.1937 1.6775 5.79
9.561592 2.04876 4.602025
10.702151 1.966745 4.630965
10.1975 0 5.79
12.36576 3.192605 5.040622
11.6512 2.8975 5.79
7.74595 6.51744 4.7694
9.11 7.32 4.3425
7.436364 8.220932 3.533913
9.14 0 4.3425
10.7465 0.409281 5.27329
9.14 0 1.4475
9.665 1.29625 0
8.15928 0.910996 0
7.9975 0.305 0.308513
8.018329 1.848734 1.10066
10.475669 5.421229 1.952299
13.37 0.38125 2.17125
12.709246 -0.078856 2.745388
12.7784 -0.676168 2.87063
12.147734 1.245545 1.747383
10.6004 -1.66899 3.6675
8.95355 3.96404 2.6128
2.32011 2.95411 4.87993
1.92679 3.93993 5.79
4.60367 4.00098 3.25761
4.67863 3.11709 2.90588
5.13127 3.52206 5.30258
5.973 2.89796 5.79
6.546362 3.303423 4.175753
6.006149 1.661941 5.142988
5.78229 5.89768 4.73974
5.574281 6.801028 5.168047
4.862011 1.692836 3.108619
3.824338 2.2879 4.7129
2.21991 2.69928 5.79
8.444389 5.029671 5.382891
8.41282 4.43974 5.79
0 2.44 4.3425
0.704637 2.25189 3.43506
2.98845 3.41212 3.55793
2.30667 3.65886 4.50648
1.718983 3.971249 3.268107
7.311356 8.567359 5.035383
7.816345 8.454045 4.363224
4.12122 4.75747 0.445625
4.03983 6.09647 0
4.996434 6.364741 1.159397
6.52838 2.975912 0.428728
5.79468 2.83721 0
6.81072 2.77139 -0
6.22026 4.28743 0
2.9121 6.22764 0
4.79169 2.92083 0
5.87064 1.50737 -0
3.21351 1.58213 1.80937
1.659176 5.225565 0.272065
1.872022 5.026508 0.722761
5.40979 5.70418 2.40642
6.6138 3.47849 3.13438
6.470952 5.952593 1.685223
0.326692 4.94563 2.742819
-0.5 5.99 5.06625
-0.560271 5.340837 5.183416
4.864354 7.334641 5.103066
3.66 7.01 4.3425
3.13353 6.79136 2.895
3.481178 6.128385 5.118522
7.24338 6.367 5.79
5.56181 11.4294 0
3.05 10.6631 2.17125
4.36121 9.64399 0
4.014543 10.089472 0.320554
8.63388 4.79923 2.15154
8.19914 3.55244 0
10.175 6.2525 0.72375
10.8302 5.59579 0.72375
6.388759 7.911537 3.362687
10.476 2.01544 2.04637
9.80006 5.90686 2.17125
8.42759 6.43257 1.29176
6.030815 5.880754 0.709276
5.43398 3.84718 2.94872
5.32754 2.28489 2.43726
3.78724 1.42896 3.13444
2.333465 3.240098 2.925077
5.86555 1.69428 3.96732
7.533373 1.005714 1.035494
10.6786 1.18419 0.459168
12.4742 1.94395 5.79
3.05 17.9781 2.37135
3.05 17.7743 1.65864
3.05 17.0637 0
7.280073 20.040183 1.988462
7.206457 19.129523 4.038072
3.05 21.6356 0.673646
3.77625 21.6363 0
3.77625 19.8075 0
3.05 22.55 4.3425
8.875 19.51 5.22691
3.05 16.1494 2.17125
4.112101 19.54685 3.131776
4.87573 18.091 5.79
15.85 7.20437 0
15.3163 9.41312 0
14.9175 10.3256 0
13.707661 7.963452 5.053902
14.467405 8.70428 4.879406
14.7228 5.16736 1.40247
13.963989 6.970028 0.363899
14.473626 7.396455 0.691277
14.7825 5.83236 5.38753
15.3765 5.435 4.79
15.341155 6.48686 5.096183
15.85 6.47432 5.06625
11.3409 8.91305 4.90713
11.1484 10.9378 5.79
9.72443 8.468735 4.206482
9.82885 9.427823 4.206913
9.13258 9.40078 3.70921
9.15555 13.2005 1.17609
10.649201 10.606678 2.460299
10.090793 12.48448 0.834923
12.12 10.4319 2.17125
11.591943 10.21164 2.220569
9.13723 10.1698 3.66397
9.15609 13.2909 3.79968
9.612604 12.867908 4.811088
9.15281 12.7481 5.06625
10.225952 11.477585 3.845473
9.13982 10.5995 5.08885
10.5836 22.9197 5.79
11.7096 21.9017 0
10.139095 23.301209 1.385061
7.91267 21.0129 2.23519
7.906329 22.606922 2.509724
9.57431 23.2055 1.45035
10.658719 21.008564 3.934248
10.382501 20.078983 4.271234
7.43715 15.386 5.79
8.723918 15.388231 5.130784
7.5328 16.4562 5.79
7.501897 17.371405 5.305332
4.31358 19.8069 5.79
4.380697 20.145866 5.024024
3.798081 20.884367 4.72898
8.56833 11.6659 0
7.78106 13.6963 0
8.494992 9.972902 2.149856
9.12407 9.64808 1.65596
8.252554 8.924926 1.769572
8.083683 9.220384 2.711084
9.12989 10.6101 0.932206
8.07287 9.78765 0.938203
6.01031 7.10687 0
6.784422 6.569419 2.114276
5.93656 8.40188 0
7.503932 6.925929 1.225241
6.74079 7.627745 0.830484
8.18212 8.063747 1.274128
6.19136 8.40558 2.0158
3.984036 8.036435 2.121478
5.318905 9.547303 2.795433
6.28832 10.0682 2.88466
3.05 8.83438 0.72375
3.05 10.6631 1.4475
7.334581 10.974324 0.425947
4.57087 12.1491 1.60614
6.04111 12.9773 0.581003
4.65661 11.793 4.98908
7.910362 14.290353 4.30061
5.329706 11.033948 2.500132
8.065423 10.878567 5.412716
9.12551 9.88631 4.27727
6.0206 9.46972 5.79
7.373715 10.659401 5.223663
9.14647 13.3533 4.82565
7.00912 9.43178 5.79
8.418584 12.220733 1.423145
9.13576 11.5818 2.87841
5.717474 9.315674 0.852317
5.205814 10.489122 1.553537
9.12701 10.1336 3.3937
3.05 10.6631 2.895
3.05 10.2059 2.53313
5.82839 8.65736 3.449
6.47152 9.387638 4.59285
5.97953 9.77868 3.5508
3.866006 8.040028 3.465254
5.245425 8.652361 3.779582
3.05 8.83438 5.79
4.32384 10.5445 5.79
7.50759 16.3216 0
6.70956 17.0912 0.914549
9.662134 19.456278 1.620808
8.258749 12.815515 2.452775
6.886556 14.045018 2.458116
7.167696 12.956062 2.1779
6.936524 14.083119 1.110879
9.15375 14.5575 0
9.16029 15.6392 3.08641
8.53213 14.4983 3.50973
4.65616 14.025019 3.623476
7.540312 12.249202 2.651974
3.05 12.4919 5.06625
3.56363 11.8626 4.85433
6.59535 12.283236 5.293178
5.15873 11.43733 4.288241
5.743393 13.586885 1.123449
3.05 13.4062 0
3.88871 12.3458 0
7.85953 15.5501 0
6.63319 13.2581 0
8.691411 15.547395 0.420675
6.53844 16.9824 0
5.10205 14.8598 0
4.489306 21.496905 1.8341
4.67856 19.986 0
3.314438 19.446067 2.060338
7.086608 21.915696 0.988116
5.525317 22.761512 0.782867
5.3375 23.465 0.72375
6.92387 23.77 2.35219
6.881453 23.185802 1.72567
3.77625 20.7219 0
5.22819 21.3744 0
5.394422 18.245669 4.681791
6.684261 17.700139 5.072617
5.751336 18.846532 5.425753
6.59478 19.6125 5.79
7.2873 19.9247 0
3.8125 22.855 0.72375
6.92387 23.77 3.43781
7.248998 22.87418 3.41182
4.621324 20.771002 5.047746
3.763156 22.267857 4.894776
8.80643 23.77 2.1068
10.710619 18.918994 1.723296
9.816925 18.861541 2.633998
9.695072 18.219549 2.380572
9.16812 15.2812 5.06625
9.90937 15.2794 5.79
9.57686 18.689902 4.696202
8.725 19.815 5.10668
9.18234 17.6334 5.06625
11.4199 18.7832 3.38112
9.94865 19.0844 3.86707
9.2258 20.075214 1.887271
12.12 15.6169 0
11.3831 14.6662 0
12.12 17.2931 5.06625
10.56056 17.777764 3.445022
11.535613 17.132923 2.331826
9.14734 11.8434 2.35218
11.674938 11.800255 4.141497
10.8111 13.5423 1.42855
12.12 13.7063 2.17125
11.540537 13.705137 0.813567
11.311601 11.671638 1.858415
10.1549 11.6677 1.46031
13.7015 7.35024 0
12.6475 6.1 0
10.0425 6.8625 1.4475
10.5038 6.63375 1.08563
9.932767 10.157799 0.341238
9.14625 11.6625 0
9.88674 11.3588 0
9.52087 12.2344 0
9.84963 9.88393 0
9.4382 9.43405 1.93585
-0.75 6.24 2.17125
-1.532809 6.936557 1.705873
-3 7.24 1.21046
-2.826552 6.914158 0.51524
0 2.44 2.17125
0.375056 3.291894 4.042305
-0.375 2.94625 3.61875
-0.238181 3.033259 2.764645
-0.375 2.94625 0.72375
0.35726 2.34463 1.71491
4.60989 5.49327 0
5.39431 3.74226 0
4.671198 1.799796 2.511637
8.646109 1.375266 5.443709
7.3276 15.4257 2.47885
7.228016 15.059483 3.895708
2.37105 5.47632 0
0.915 5.87 0
13.1209 9.40074 1.80521
14.857666 9.217521 1.668296
12.12 9.75 1.4475
12.12 11.4262 0
13.6782 11.6437 3.12339
15.85 15.7258 1.4475
15.426672 14.747862 1.732454
15.85 17.1437 0
15.407632 16.985582 1.656649
15.85 14.7782 1.86959
15.315791 12.85107 5.010273
13.733912 13.555801 3.410091
15.473144 11.251614 4.921018
13.999108 13.873353 4.523837
11.59108 9.071924 2.953475
12.12 12.1081 5.06625
12.12 9.75 4.3425
12.12 15.6852 3.56171
12.12 14.1578 4.48858
12.12 14.7787 5.79
15.85 13.8306 0.302457
12.496216 12.76723 3.873198
12.969454 12.902467 3.484475
15.85 11.6219 5.35124
12.12 12.1222 5.09958
14.028484 12.787547 5.156138
13.560442 11.677963 4.317057
13.299471 10.811841 4.729493
15.001492 15.468634 5.093128
15.3366 16.057024 3.154208
13.3322 16.4694 4.96704
14.814424 17.527236 4.335198
13.432 15.9006 3.08698
14.053358 14.29972 3.705092
14.202745 12.890193 0.871438
14.4376 13.3699 0.644531
12.8855 14.5178 2.47896
12.12 13.8987 2.7417
12.12 13.2766 3.78695
14.245432 22.144441 0.888615
14.76453 16.220037 0.580212
12.7759 18.1312 0
13.6783 16.1496 0
13.489958 17.713249 1.242615
12.1201 23.16 4.3425
15.074 18.1647 1.23266
13.985 19.58 0
14.2276 21.9821 0
12.19 23.77 2.895
12.9484 23.157675 1.485627
12.1201 23.16 1.4475
13.089352 22.230416 2.246236
12.1201 19.8075 3.61875
15.134893 20.691851 1.085786
15.85 18.7068 3.99259
13.929832 19.167377 3.134989
14.8101 20.1184 3.1262
15.85 20.1029 4.61256
15.85 17.1437 5.79
15.37741 18.216027 5.010943
12.1201 19.8075 5.79
14.394738 17.90202 2.835555
12.8241 18.0249 2.6119
13.312531 19.508336 1.99509
14.255612 16.283231 4.411821
13.1416 16.917 2.62775
12.1201 18.1312 4.70438
3.66 7.01 1.4475
8.84982 6.93771 0.783419
12.8375 3.58375 5.06625
8.42446 5.67069 4.9542
6.698407 8.240443 4.262065
7.929226 7.207668 3.298881
10.94378 1.055259 5.473117
10.015 -1 1.39875
9.72537 -0.668993 2.34629
10.1956 1.22 0
9.4025 0.648125 0
7.9975 0.305 0
10.7075 5.71875 2.17125
13.078 -0.333709 2.66854
10.89 -2 3.6675
1.625423 3.415783 5.37222
4.20437 3.62097 4.02294
4.250221 4.491779 3.788609
4.159573 2.916116 2.479092
5.134148 2.656622 5.532912
6.541379 5.356868 5.28092
4.74825 6.86075 5.79
4.9032 1.13105 2.99305
3.004519 2.390575 4.349577
3.4275 1.525 5.06625
3.4275 1.525 5.79
9.29766 4.43112 5.79
8.40907 5.35474 5.79
0 2.44 3.61875
6.443568 3.671061 0.38205
2.745 6.63 0.384674
5.7125 0.915 0
1.72245 5.48191 0
2.632605 4.565433 0.522816
1.33119 4.63448 0.378506
6.161195 4.346279 3.54511
6.924729 6.59313 1.378103
7.215907 6.132136 2.375106
0.747509 4.177891 3.305517
0.4575 5.68 5.06625
5.20991 7.73321 4.72228
3.355 7.465 3.61875
3.78614 6.14876 5.79
7.35474 10.9912 0
3.85835 10.8217 2.90045
3.74509 10.2059 0
4.585309 10.230347 0.869913
5.03529 3.47793 3.36956
5.60551 0.943563 4.5768
7.5698 0.419178 1.03226
10.3556 1.44941 0.334624
12.876 1.94395 5.79
3.05 18.6887 2.17125
3.616704 16.198478 0.751841
7.432538 20.964019 1.264275
7.041098 19.138547 2.887027
8.875 19.51 5.79
4.99586 19.4449 3.58043
15.85 9.41312 0
13.404135 7.529316 4.44849
13.031054 8.105379 4.799053
13.7149 7.18669 5.79
14.5753 5.37421 1.09141
14.0854 6.72919 0
13.775 6.39026 0.72375
15.85 6.1 5.06625
10.455537 7.89934 4.262013
10.6737 13.1077 0
12.12 11.1138 2.17125
9.604559 11.565469 2.99996
9.95598 23.1376 5.79
10.504565 23.080903 5.025132
10.1827 23.77 2.17125
8.13807 21.6519 2.74824
10.2817 21.7295 4.10533
10.6003 19.5282 3.75562
9.15812 15.2812 5.06625
4.87007 19.509 5.39865
3.459902 21.52232 5.265421
3.05 21.0035 4.70437
9.13864 12.0576 0.932206
7.752875 14.673791 0.538054
8.24508 9.77362 3.17896
8.739647 10.483125 2.7142
9.12755 10.2234 2.4319
9.13625 11.6625 0
8.528782 10.226986 1.025105
6.31279 7.7737 0
5.643438 6.757811 0.507381
7.190148 7.473509 2.162611
6.64683 8.75356 0.483449
8.050642 7.866468 0.678077
7.16081 8.73231 2.09738
5.149778 7.828033 1.747182
4.640042 9.302405 3.324379
5.427989 8.89733 1.827907
3.05 8.83438 0
3.705181 8.776173 1.622643
3.05 11.1203 1.08563
8.071236 10.341413 0.380699
5.56181 13.2581 0
8.4274 10.8919 5.79
9.12363 9.5742 3.58613
8.439976 10.042697 3.976027
7.8883 11.7705 0.822793
6.42468 9.42739 0
4.021659 10.702086 5.241567
8.16517 14.6086 -0
7.481192 13.374869 2.952574
3.20948 12.2945 4.3761
3.05 11.5775 5.06625
6.41115 11.448433 5.003716
6.64455 12.3804 5.79
5.046529 12.961717 0.832011
5.654189 12.68172 1.436752
6.609699 12.59502 0.370484
5.31684 15.4096 0
4.70122 21.3836 2.98707
4.13937 20.265 0
4.442704 19.961703 1.053302
3.05 19.5012 2.35219
3.05 19.1955 1.63798
6.2392 22.806886 0.552702
5.82503 22.7815 0
6.278857 22.229281 2.259751
6.92387 23.77 0.904688
7.735958 23.288214 2.29704
3.8872 20.5364 0.613598
5.22875 20.7231 0
6.120758 18.159259 5.365111
5.81677 18.8599 5.79
6.869727 22.764331 4.144891
4.19375 23.0075 4.70437
8.496056 23.475936 2.447797
9.829778 17.32162 1.85944
9.490719 15.250074 4.374218
9.16375 14.5575 5.79
9.550398 18.69402 5.301915
9.18453 17.9953 4.78353
12.12 19.1256 3.61875
10.317527 19.705919 3.363179
12.12 15.6169 0.966394
11.7516 15.1416 0
10.785262 17.322604 2.78636
12.12 17.2931 2.895
9.14898 12.1148 3.34734
9.989792 13.814679 0.940805
11.179549 11.399302 2.837901
10.525794 6.886901 0.802409
9.15117 12.4767 0.45234
9.13242 9.37493 1.97738
9.273385 9.604317 1.344279
0 5.49 2.17125
-1.03443 5.39374 2.72812
-3 7.365 2.05273
-3 6.92981 0.361875
-0.375 2.94625 2.895
-0.1875 2.69313 2.53313
0 2.44 0.72375
0.35726 2.34463 1.18009
5.57314 4.36958 0
4.53032 2.45109 2.73729
8.56312 1.525 5.79
6.628307 15.710228 2.421069
7.258196 16.112908 1.548379
6.777668 14.580311 4.18776
2.533897 4.873578 1.047775
11.741055 10.55444 0.74291
11.698897 8.860014 0.895903
15.251592 17.907488 0.462164
15.85 17.1438 1.74996
12.656962 13.554446 4.113529
15.85 11.3171 4.57595
15.515406 12.151046 5.343913
11.602764 11.404472 4.925522
12.12 10.4319 5.06625
12.1201 16.9082 4.13304
13.039112 13.953799 5.067446
12.12 12.2588 4.09245
12.4755 14.4469 3.90791
15.85 13.8306 0
12.12 12.9083 4.40818
15.85 10.9173 5.18298
15.85 11.6219 5.79
15.639363 11.822779 4.938643
14.1696 12.8323 5.79
15.122313 16.499254 5.100653
14.7901 15.0023 5.79
15.85 16.4348 2.17125
15.85 16.2371 3.25688
13.552 16.4908 5.79
13.61893 17.700582 4.8857
14.582433 13.795344 4.042765
13.773673 12.234193 1.042694
12.720711 13.799869 3.20411
15.85 21.5612 1.08041
15.85 20.5531 2.0611
14.781218 22.046827 2.702741
14.9676 16.2079 0
12.1201 18.1312 1.4475
13.864428 14.914769 0.454467
12.962519 17.109526 0.874348
13.334145 16.209128 1.766677
14.683037 17.980607 0.870278
15.85 18.4363 0.989463
12.8166 22.1609 0.72375
13.105 23.77 1.4475
14.02 23.77 0
12.1201 21.4838 2.53313
12.1201 21.4837 0.711948
15.85 21.5613 0
14.231489 20.231568 1.990057
14.915346 19.285477 1.243358
14.9175 20.5706 0
15.337424 18.688264 3.003421
15.85 18.2481 5.17206
15.85 19.6561 3.23677
13.9117 18.9788 5.79
15.85 17.3531 4.19979
14.554849 18.733662 4.99161
13.907407 21.431971 5.412639
14.8809 21.3744 5.79
15.85 18.2975 2.9137
15.180173 17.375634 2.204601
14.2226 16.0759 1.82632
12.952605 18.71479 3.798447
12.12 16.455 1.4475
12.9873 20.786 1.55734
14.093203 18.751874 1.96809
12.940733 19.648925 3.06635
12.1201 19.8075 1.99031
12.936667 21.745017 3.744417
12.12 16.2788 4.85135
3.39677 6.90068 2.17125
8.136267 7.336704 0.871318
9.08249 6.056268 4.910462
8.332002 6.939907 2.426863
11.0011 0.7625 5.79
10.015 -1 0.675
10.1779 0.109368 0.95252
9.58347 -0.506828 1.67042
10.175 6.2525 2.17125
13.37 0 2.17125
1.6078 3.31148 5.79
4.337 3.650981 2.644048
5.2715 2.05898 5.79
5.16629 2.94236 5.79
6.55996 4.81774 5.79
5.91396 5.35539 5.79
6.67293 5.58465 5.79
7.04113 5.77986 5.05437
4.99639 1.10617 2.11205
6.42702 0.724253 1.75601
2.95364 2.04232 5.79
8.85336 4.89293 5.79
6.51549 3.52941 0
2.745 6.63 0
2.65524 4.61489 0
7.19645 4.35671 3.41513
6.859678 6.505799 0.512513
7.364714 6.208274 1.719448
0 5.49 5.06625
5.73044 7.419618 4.806971
4.43281 10.9314 3.11956
4.20455 10.931586 1.951029
6.701854 1.189888 4.000618
3.05 20.1098 1.99031
3.47119 16.1494 0
3.05 16.1494 0.72375
15.6133 5.7675 5.29
9.656864 23.207702 5.113877
10.3613 23.77 5.18325
11.107904 22.213653 4.320276
8.75089 14.680946 4.92514
9.15243 14.3393 4.99175
3.91749 21.8412 5.79
3.05 21.6356 5.44824
3.561961 20.364412 4.909028
7.76986 14.1683 1.19723
7.553063 9.364056 3.336167
9.13103 10.7989 2.97073
9.13307 11.1357 2.46114
6.449236 8.16121 0.265614
8.3253 8.47937 0
8.00256 7.62173 0
7.797658 8.192894 1.807389
3.97957 9.70593 3.65675
3.05 8.83438 2.17125
8.24112 10.6031 0
7.70967 10.8407 5.79
9.12626 10.01 3.83549
7.812815 10.340086 4.468231
8.02362 11.1395 0.460891
7.620201 11.744882 0.236031
8.211336 12.858285 0.727805
7.065851 9.307552 0.525793
6.76959 13.102 3.06841
3.545611 11.762877 5.343591
6.002635 10.716825 4.761288
6.676966 11.578927 5.584914
4.616377 12.369947 0.791411
6.32131 12.172 1.89852
6.0975 12.3438 0
6.63319 12.644 -0
5.69757 21.9221 3.04409
3.05 19.1339 2.08687
3.05 19.6526 1.81414
7.1946 23.1973 0
6.213014 23.191216 2.216434
5.686422 22.976691 1.575508
7.56892 23.77 2.62359
8.040387 23.542061 2.56837
6.47326 17.585 5.79
5.28929 19.3245 5.79
7.085086 21.981088 3.726835
3.8125 22.855 5.48015
8.19182 23.77 2.26159
9.16922 15.4622 3.87006
9.68395 17.9536 5.35918
9.65181 12.3183 3.82561
9.579102 13.677178 1.721338
9.13496 9.79496 0.988688
-0.405297 4.76944 2.53313
-1.179826 5.487101 3.599368
3.78874 2.198667 2.634926
7.118381 14.128945 3.502894
6.11093 14.0379 3.7596
11.902 9.68042 0.72375
15.1271 18.3583 0
15.85 18.2481 0
15.85 16.4348 1.02621
13.0564 14.1973 5.79
12.12 13.9474 3.84855
15.85 11.3289 5.01887
15.85 12.9042 4.81627
15.85 12.263 5.08375
12.12 11.27 5.06625
12.1201 18.1312 3.07594
12.12 12.7677 3.9397
12.2047 15.10424 3.905134
12.12 14.8402 3.90422
13.4014 12.4346 5.79
15.32 16.073 5.79
15.440768 16.831378 2.361831
12.1201 18.1312 5.79
15.428 23.1094 1.4475
15.048 21.8073 0.540207
15.85 22.1988 2.55589
14.483095 22.716835 4.511849
13.8675 15.2124 0
14.292253 18.020586 1.785499
12.9875 19.8754 0.801824
12.19 23.77 1.4475
14.935 23.77 1.4475
13.1738 22.571 0
12.1201 21.4838 0
14.5197 21.323 1.8319
14.4104 20.1138 0.755138
15.173344 18.309825 2.13379
14.777699 18.984566 3.36906
12.764451 19.290276 4.999664
14.328681 20.047971 5.043441
15.85 16.5916 5.06625
15.180142 16.706765 3.842934
15.0229 18.4288 5.79
15.147174 18.414523 4.235651
13.9851 23.465 5.79
15.85 22.3117 4.61256
14.296867 21.083608 3.769506
12.9938 21.4837 5.79
15.85 21.5613 5.79
14.5817 16.8186 3.02969
14.8883 18.5677 2.6917
15.85 17.7206 2.33183
13.8084 15.3892 2.31337
14.9943 16.3479 2.10036
13.365494 19.728822 4.465582
12.959112 17.483202 3.806035
12.1201 17.2931 0.72375
13.5533 21.3758 2.18359
13.4164 21.6022 1.24746
12.1201 21.4838 5.06625
8.108466 7.463597 1.741193
8.7584 6.23779 2.7452
8.92054 7.24072 2.17125
10.1975 0 0
10.7428 -0.169143 1.55399
6.06325 1.33449 5.79
4.177124 2.083047 5.329564
5.62225 2.47847 5.79
5.42017 1.56592 2.4815
8.963266 5.207259 5.126762
3.63655 4.37637 0
6.408666 5.002934 4.053934
6.72138 6.33309 0
5.89275 6.0529 -0
6.58751 0.681408 4.07545
3.05 16.1494 0
9.15515 14.789 5.29777
3.05 21.6356 5.79
3.05 19.8069 5.06625
6.70953 8.73432 0
9.11875 8.7675 0
7.314835 7.343208 0.491793
4.914352 9.842538 3.836845
3.403078 9.31891 3.923792
7.44767 10.315 0
7.679092 10.751123 0.251924
8.24729 11.5656 5.79
7.75764 9.52004 4.17184
7.73683 11.7328 -0
7.79793 10.7972 0
8.15694 12.7269 0
6.71943 9.88103 1.16052
3.283839 11.180662 5.366289
5.63143 10.0095 4.5435
6.109964 11.577304 3.697641
6.710536 10.846548 5.432416
4.46944 13.1922 0
6.18876 11.5807 2.51019
6.550073 12.224479 0.915647
5.252087 21.459321 3.865604
3.34727 19.215235 2.424598
7.490777 22.189405 0.494247
6.50982 22.9894 0
7.3175 23.77 0
5.46474 23.5159 2.1198
8.5102 23.77 2.5009
3.8125 22.855 5.79
9.42515 17.5964 5.44184
9.13204 9.31237 1.36723
12.12 10.4319 0.72375
15.1744 17.564 0
15.605989 12.371082 5.011499
12.498119 15.002304 3.809613
12.12 15.3693 3.99592
12.12 15.0682 3.26236
15.85 17.1437 2.32248
15.85 22.9844 1.27794
14.937059 23.046665 2.586635
13.8494 22.7735 2.18283
14.889275 22.9612 0.53049
14.02 23.77 4.92089
13.4328 22.9694 3.88606
14.062129 22.079298 3.600988
12.6239 23.77 4.3425
15.1987 21.7186 3.65991
12.9168 18.753 0.936173
13.3816 20.8542 -0
15.85 23.77 1.4475
14.153909 23.177301 0.97929
14.991287 22.342046 1.657118
15.0824 21.0743 2.71445
14.7105 20.0495 5.79
15.85 16.0394 5.79
14.553495 16.052064 3.559895
15.85 18.2481 5.79
14.449729 18.887234 4.107495
15.057326 18.291933 3.54973
15.4161 23.77 4.3425
15.1745 22.860787 3.669624
14.146109 20.161275 4.030227
12.8438 20.6135 3.87481
15.1024 20.9788 4.72542
13.8521 20.7666 5.79
13.109472 22.730488 5.020615
12.8004 20.4914 5.07096
13.9077 17.9455 3.71498
12.1201 18.1312 0
14.138886 21.392407 2.888874
12.1201 21.1144 3.79969
9.247132 6.256826 2.439309
9.11293 7.80552 2.17125
9.11 7.32 2.17125
10.7262 0.310421 0.457963
10.2786 -0.450495 1.22925
5.7125 0.915 5.79
4.46479 2.10338 5.79
9.456617 4.983902 4.556873
6.705974 5.154916 4.867557
3.05 8.83438 3.61875
3.05 9.74875 3.61875
8.33405 9.92687 0
8.06889 9.65948 3.71178
7.26181 11.6675 0
7.828589 12.154616 0.263369
7.636406 11.23347 0.244176
7.20428 10.365 0.755854
3.05 11.1203 5.42812
3.618246 11.326137 5.002194
6.78618 10.8839 5.79
6.823616 10.152046 5.277733
4.327794 13.915581 0.520997
5.51106 12.2462 0.699406
5.91565 11.7631 0.885223
3.465137 19.393554 3.003313
6.934496 22.576314 0.461658
7.48513 22.4202 0
7.872264 23.266762 0.486412
12.12 15.982 4.20653
15.0388 22.876 0
14.02 23.77 5.79
13.105 23.5106 3.13622
12.19 23.77 4.3425
12.6551 17.9592 0.817594
13.3414 22.8361 0.799129
15.23656 21.511947 2.041966
15.232647 17.746193 3.067588
15.2454 18.7745 3.67976
14.895541 23.470808 3.504027
15.85 23.77 4.3425
14.2302 23.1646 3.52331
12.57528 20.617833 2.995166
15.85 21.2073 4.61256
13.9835 22.2271 5.79
13.2276 19.8509 5.79
13.479235 21.806497 4.710851
12.1201 20.4609 4.79484
12.831326 21.135661 4.60801
9.147619 5.736272 1.97141
8.574186 7.953672 2.09881
3.05 9.29156 3.25687
3.05 7.92 3.61875
7.76738 11.265 0
6.67965 12.0056 0
6.14053 11.5777 5.79
6.89765 10.1578 5.79
5.445903 11.823626 1.42276
6.787015 11.400455 0.631605
7.68905 23.77 0.69964
8.22047 23.77 0.480946
12.968099 16.280503 3.746742
14.935 23.77 0
13.105 23.77 3.40949
13.105 23.77 2.4285
12.6781 23.4051 0.645006
13.105 23.77 0.434553
13.590829 22.128368 0.457369
15.17181 21.283371 1.612238
14.935 23.77 3.40949
15.85 22.8056 3.55404
12.1201 20.4698 2.80453
14.1256 21.4782 5.79
13.0518 22.6936 5.79
15.045863 22.298505 5.289014
12.8691 18.8653 5.79
13.4257 21.161 4.17355
13.590937 20.878595 4.896187
8.715835 7.706561 1.693508
3.49309 7.97252 3.98062
8.05072 23.77 0.861126
12.854 15.7087 3.50182
14.688003 23.412518 0.661614
15.229528 23.508752 0.826004
13.105 23.5177 0
14.1238 22.876 0
15.0217 20.6363 2.00707
12.1201 21.4838 5.79
15.170248 23.133325 4.936556
15.192 22.6656 5.79
15.85 23.0408 5.20128
14.352101 21.440172 4.737884
12.5063 15.3609 3.6359
14.4775 23.77 0.72375
15.3925 23.77 0.72375
13.105 23.77 0
14.894153 21.123597 2.204586
15.85 22.6656 5.79
12.690078 23.585733 0.144093
12.6475 23.77 0.217277
12.6125 23.3388 0
12.6475 23.77 0
0.752467 5.8025 1.97891
11.9034 -1.67617 3.64313
8.98606 19.9477 2.13082
9.771198 21.544589 5.327917
-2.164327 6.939341 4.640107
-3 8.24 2.17125
-2 9.49 3.74375
-2.318152 6.661565 1.5801
12.12 21.7962 3.61875
3.05 20.8228 2.96128
6.019822 22.93508 4.998295
3.05 21.6356 0
8.725 19.815 3.61875
9.1403 23.1387 5.79
11.197919 16.874233 5.212773
11.2886 19.1562 0
10.974194 14.445373 3.512626
-2.375 8.68005 3.73424
-2.16747 8.9768 1.88057
-1.77417 6.5902 5.28649
-1 8.24 3.61875
-2.15769 5.35288 0.931735
12.8412 0.670981 0
12.9325 -0.5 0.3375
12.539719 0.650584 3.605273
15.461636 6.676343 3.566816
9.610408 8.157623 5.578907
11.2886 19.1562 5.79
10.664169 20.679795 1.465589
8.299325 21.398542 4.623119
4.54845 12.9418 5.79
7.75534 17.3897 2.7358
9.79139 23.0851 3.67448
9.082038 19.849011 4.263388
12.12 14.7787 5.79
9.798377 16.841999 0.786986
9.7525 23.77 0
10.1999 13.2299 4.62494
-1.625 5.98375 5.79
-0.658293 3.983694 0.949709
14.20391 13.918749 1.524569
-0.301066 3.940582 2.19844
13.37 0.38125 1.08563
8.712897 0.941549 3.952309
10.5974 1.22 5.79
13.061236 2.068537 1.421861
12.260809 3.277527 0.718653
11.381249 2.699296 0.669984
11.24 5.185 4.3425
9.356132 1.607853 3.4335
5.76032 0.902235 2.14327
7.58592 5.089234 3.314959
9.372563 4.731193 2.100699
10.1862 3.5075 0
12.143699 0.671687 1.059127
11.6568 1.14375 5.79
4.96917 18.4828 0.691247
6.223151 16.428582 4.558775
4.346966 17.596759 3.594166
9.15145 12.522 1.76414
11.3095 20.6706 5.79
10.816323 21.073657 0.603495
7.921968 21.629224 1.120932
11.028794 21.725406 0.499058
9.35661 19.7949 4.75662
10.169868 22.387815 4.948222
4.248137 16.032752 4.818449
8.461175 19.457625 3.514635
7.89477 12.7452 5.79
8.11766 12.929 4.16803
4.607704 12.02157 3.453621
4.34905 10.060297 2.070185
3.72198 14.2182 5.79
6.35037 23.2055 1.0663
7.949311 21.115291 0.542657
11.0616 22.7612 3.73458
11.016051 22.609201 2.924908
8.839358 20.584867 2.174804
9.436271 19.341404 4.136281
9.17376 16.2128 2.25499
12.12 14.7787 0.72375
10.8052 9.65761 3.82571
-1.479223 6.976251 2.111698
-3 6.95055 0.835281
0.19425 3.384262 0.428531
-0.301104 3.562514 2.49465
2.319625 6.091131 0.577527
12.386158 3.136092 3.898692
9.88528 3.82759 3.28241
10.222587 5.232117 2.630071
11.0669 1.05302 4.3806
6.645411 5.953978 5.362003
6.848123 7.080687 5.330667
9.27388 4.95471 0
9.124799 4.705717 0.844328
11.0011 0.7625 -0
12.053062 3.209748 0.3307
12.8375 3.58375 0.72375
11.5299 0.607596 5.37408
3.64966 19.706876 2.47707
4.83376 17.3702 5.79
15.228623 7.575292 2.206065
14.189 5.435 1.72375
14.2488 5.83236 0.40247
9.12437 8.04375 5.24719
10.6608 10.5757 5.05012
11.367171 12.294324 0.786701
9.15117 12.4767 2.62359
10.942759 12.890884 4.574606
11.112689 23.020398 4.862454
11.673957 22.35764 0.684156
11.523731 21.737919 0.510362
6.40926 20.73282 1.091734
9.77197 21.4614 5.79
9.17125 17.4525 5.79
6.75947 14.5847 5.79
3.373109 16.322983 4.953363
5.59843 7.77261 0
4.12129 9.21806 2.36119
3.05 12.4919 4.3425
6.402384 7.922668 5.101362
6.76909 11.7426 5.79
9.14073 12.4028 1.9136
3.6856 10.833383 2.306449
5.65641 10.5298 5.23826
9.31456 19.3155 1.34922
7.521196 18.212502 1.191614
3.60964 11.2913 5.79
5.192312 15.458844 5.105833
7.84563 15.977 0.593505
3.593656 17.63116 1.153087
3.05 21.2292 2.38533
10.57402 17.869315 2.661189
6.78514 22.9067 4.81256
9.675038 12.08918 5.108672